age,trestbps,chol,fbs,thalch,exang,oldpeak,sex_num,dataset_num,cp_num,restecg_num,slope_num,target
63,145.0,233.0,1,150.0,0,2.3,1,0,3,0,0,0
67,160.0,286.0,0,108.0,1,1.5,1,0,0,0,1,1
67,120.0,229.0,0,129.0,1,2.6,1,0,0,0,1,1
37,130.0,250.0,0,187.0,0,3.5,1,0,2,1,0,0
41,130.0,204.0,0,172.0,0,1.4,0,0,1,0,2,0
56,120.0,236.0,0,178.0,0,0.8,1,0,1,1,2,0
62,140.0,268.0,0,160.0,0,3.6,0,0,0,0,0,1
57,120.0,354.0,0,163.0,1,0.6,0,0,0,1,2,0
63,130.0,254.0,0,147.0,0,1.4,1,0,0,0,1,1
53,140.0,203.0,1,155.0,1,3.1,1,0,0,0,0,1
57,140.0,192.0,0,148.0,0,0.4,1,0,0,1,1,0
56,140.0,294.0,0,153.0,0,1.3,0,0,1,0,1,0
56,130.0,256.0,1,142.0,1,0.6,1,0,2,0,1,1
44,120.0,263.0,0,173.0,0,0.0,1,0,1,1,2,0
52,172.0,199.0,1,162.0,0,0.5,1,0,2,1,2,0
57,150.0,168.0,0,174.0,0,1.6,1,0,2,1,2,0
48,110.0,229.0,0,168.0,0,1.0,1,0,1,1,0,1
54,140.0,239.0,0,160.0,0,1.2,1,0,0,1,2,0
48,130.0,275.0,0,139.0,0,0.2,0,0,2,1,2,0
49,130.0,266.0,0,171.0,0,0.6,1,0,1,1,2,0
64,110.0,211.0,0,144.0,1,1.8,1,0,3,0,1,0
58,150.0,283.0,1,162.0,0,1.0,0,0,3,0,2,0
58,120.0,284.0,0,160.0,0,1.8,1,0,1,0,1,1
58,132.0,224.0,0,173.0,0,3.2,1,0,2,0,2,1
60,130.0,206.0,0,132.0,1,2.4,1,0,0,0,1,1
50,120.0,219.0,0,158.0,0,1.6,0,0,2,1,1,0
58,120.0,340.0,0,172.0,0,0.0,0,0,2,1,2,0
66,150.0,226.0,0,114.0,0,2.6,0,0,3,1,0,0
43,150.0,247.0,0,171.0,0,1.5,1,0,0,1,2,0
40,110.0,167.0,0,114.0,1,2.0,1,0,0,0,1,1
69,140.0,239.0,0,151.0,0,1.8,0,0,3,1,2,0
60,117.0,230.0,1,160.0,1,1.4,1,0,0,1,2,1
64,140.0,335.0,0,158.0,0,0.0,1,0,2,1,2,1
59,135.0,234.0,0,161.0,0,0.5,1,0,0,1,1,0
44,130.0,233.0,0,179.0,1,0.4,1,0,2,1,2,0
42,140.0,226.0,0,178.0,0,0.0,1,0,0,1,2,0
43,120.0,177.0,0,120.0,1,2.5,1,0,0,0,1,1
57,150.0,276.0,0,112.0,1,0.6,1,0,0,0,1,1
55,132.0,353.0,0,132.0,1,1.2,1,0,0,1,1,1
61,150.0,243.0,1,137.0,1,1.0,1,0,2,1,1,0
65,150.0,225.0,0,114.0,0,1.0,0,0,0,0,1,1
40,140.0,199.0,0,178.0,1,1.4,1,0,3,1,2,0
71,160.0,302.0,0,162.0,0,0.4,0,0,1,1,2,0
59,150.0,212.0,1,157.0,0,1.6,1,0,2,1,2,0
61,130.0,330.0,0,169.0,0,0.0,0,0,0,0,2,1
58,112.0,230.0,0,165.0,0,2.5,1,0,2,0,1,1
51,110.0,175.0,0,123.0,0,0.6,1,0,2,1,2,0
50,150.0,243.0,0,128.0,0,2.6,1,0,0,0,1,1
65,140.0,417.0,1,157.0,0,0.8,0,0,2,0,2,0
53,130.0,197.0,1,152.0,0,1.2,1,0,2,0,0,0
41,105.0,198.0,0,168.0,0,0.0,0,0,1,1,2,0
65,120.0,177.0,0,140.0,0,0.4,1,0,0,1,2,0
44,112.0,290.0,0,153.0,0,0.0,1,0,0,0,2,1
44,130.0,219.0,0,188.0,0,0.0,1,0,1,0,2,0
60,130.0,253.0,0,144.0,1,1.4,1,0,0,1,2,1
54,124.0,266.0,0,109.0,1,2.2,1,0,0,0,1,1
50,140.0,233.0,0,163.0,0,0.6,1,0,2,1,1,1
41,110.0,172.0,0,158.0,0,0.0,1,0,0,0,2,1
54,125.0,273.0,0,152.0,0,0.5,1,0,2,0,0,0
51,125.0,213.0,0,125.0,1,1.4,1,0,3,0,2,0
51,130.0,305.0,0,142.0,1,1.2,0,0,0,1,1,1
46,142.0,177.0,0,160.0,1,1.4,0,0,2,0,0,0
58,128.0,216.0,0,131.0,1,2.2,1,0,0,0,1,1
54,135.0,304.0,1,170.0,0,0.0,0,0,2,1,2,0
54,120.0,188.0,0,113.0,0,1.4,1,0,0,1,1,1
60,145.0,282.0,0,142.0,1,2.8,1,0,0,0,1,1
60,140.0,185.0,0,155.0,0,3.0,1,0,2,0,1,1
54,150.0,232.0,0,165.0,0,1.6,1,0,2,0,2,0
59,170.0,326.0,0,140.0,1,3.4,1,0,0,0,0,1
46,150.0,231.0,0,147.0,0,3.6,1,0,2,1,1,1
65,155.0,269.0,0,148.0,0,0.8,0,0,2,1,2,0
67,125.0,254.0,1,163.0,0,0.2,1,0,0,1,1,1
62,120.0,267.0,0,99.0,1,1.8,1,0,0,1,1,1
65,110.0,248.0,0,158.0,0,0.6,1,0,0,0,2,1
44,110.0,197.0,0,177.0,0,0.0,1,0,0,0,2,1
65,160.0,360.0,0,151.0,0,0.8,0,0,2,0,2,0
60,125.0,258.0,0,141.0,1,2.8,1,0,0,0,1,1
51,140.0,308.0,0,142.0,0,1.5,0,0,2,0,2,0
48,130.0,245.0,0,180.0,0,0.2,1,0,1,0,1,0
58,150.0,270.0,0,111.0,1,0.8,1,0,0,0,2,1
45,104.0,208.0,0,148.0,1,3.0,1,0,0,0,1,0
53,130.0,264.0,0,143.0,0,0.4,0,0,0,0,1,0
39,140.0,321.0,0,182.0,0,0.0,1,0,2,0,2,0
68,180.0,274.0,1,150.0,1,1.6,1,0,2,0,1,1
52,120.0,325.0,0,172.0,0,0.2,1,0,1,1,2,0
44,140.0,235.0,0,180.0,0,0.0,1,0,2,0,2,0
47,138.0,257.0,0,156.0,0,0.0,1,0,2,0,2,0
53,128.0,216.0,0,115.0,0,0.0,0,0,2,0,2,0
53,138.0,234.0,0,160.0,0,0.0,0,0,0,0,2,0
51,130.0,256.0,0,149.0,0,0.5,0,0,2,0,2,0
66,120.0,302.0,0,151.0,0,0.4,1,0,0,0,1,0
62,160.0,164.0,0,145.0,0,6.2,0,0,0,0,0,1
62,130.0,231.0,0,146.0,0,1.8,1,0,2,1,1,0
44,108.0,141.0,0,175.0,0,0.6,0,0,2,1,1,0
63,135.0,252.0,0,172.0,0,0.0,0,0,2,0,2,0
52,128.0,255.0,0,161.0,1,0.0,1,0,0,1,2,1
59,110.0,239.0,0,142.0,1,1.2,1,0,0,0,1,1
60,150.0,258.0,0,157.0,0,2.6,0,0,0,0,1,1
52,134.0,201.0,0,158.0,0,0.8,1,0,1,1,2,0
48,122.0,222.0,0,186.0,0,0.0,1,0,0,0,2,0
45,115.0,260.0,0,185.0,0,0.0,1,0,0,0,2,0
34,118.0,182.0,0,174.0,0,0.0,1,0,3,0,2,0
57,128.0,303.0,0,159.0,0,0.0,0,0,0,0,2,0
71,110.0,265.0,1,130.0,0,0.0,0,0,2,0,2,0
49,120.0,188.0,0,139.0,0,2.0,1,0,2,1,1,1
54,108.0,309.0,0,156.0,0,0.0,1,0,1,1,2,0
59,140.0,177.0,0,162.0,1,0.0,1,0,0,1,2,1
57,128.0,229.0,0,150.0,0,0.4,1,0,2,0,1,1
61,120.0,260.0,0,140.0,1,3.6,1,0,0,1,1,1
39,118.0,219.0,0,140.0,0,1.2,1,0,0,1,1,1
61,145.0,307.0,0,146.0,1,1.0,0,0,0,0,1,1
56,125.0,249.0,1,144.0,1,1.2,1,0,0,0,1,1
52,118.0,186.0,0,190.0,0,0.0,1,0,3,0,1,0
43,132.0,341.0,1,136.0,1,3.0,0,0,0,0,1,1
62,130.0,263.0,0,97.0,0,1.2,0,0,2,1,1,1
41,135.0,203.0,0,132.0,0,0.0,1,0,1,1,1,0
58,140.0,211.0,1,165.0,0,0.0,1,0,2,0,2,0
35,138.0,183.0,0,182.0,0,1.4,0,0,0,1,2,0
63,130.0,330.0,1,132.0,1,1.8,1,0,0,0,2,1
65,135.0,254.0,0,127.0,0,2.8,1,0,0,0,1,1
48,130.0,256.0,1,150.0,1,0.0,1,0,0,0,2,1
63,150.0,407.0,0,154.0,0,4.0,0,0,0,0,1,1
51,100.0,222.0,0,143.0,1,1.2,1,0,2,1,1,0
55,140.0,217.0,0,111.0,1,5.6,1,0,0,1,0,1
65,138.0,282.0,1,174.0,0,1.4,1,0,3,0,1,1
45,130.0,234.0,0,175.0,0,0.6,0,0,1,0,1,0
56,200.0,288.0,1,133.0,1,4.0,0,0,0,0,0,1
54,110.0,239.0,0,126.0,1,2.8,1,0,0,1,1,1
44,120.0,220.0,0,170.0,0,0.0,1,0,1,1,2,0
62,124.0,209.0,0,163.0,0,0.0,0,0,0,1,2,0
54,120.0,258.0,0,147.0,0,0.4,1,0,2,0,1,0
51,94.0,227.0,0,154.0,1,0.0,1,0,2,1,2,0
29,130.0,204.0,0,202.0,0,0.0,1,0,1,0,2,0
51,140.0,261.0,0,186.0,1,0.0,1,0,0,0,2,0
43,122.0,213.0,0,165.0,0,0.2,0,0,2,1,1,0
55,135.0,250.0,0,161.0,0,1.4,0,0,1,0,1,0
70,145.0,174.0,0,125.0,1,2.6,1,0,0,1,0,1
62,120.0,281.0,0,103.0,0,1.4,1,0,1,0,1,1
35,120.0,198.0,0,130.0,1,1.6,1,0,0,1,1,1
51,125.0,245.0,1,166.0,0,2.4,1,0,2,0,1,0
59,140.0,221.0,0,164.0,1,0.0,1,0,1,1,2,0
59,170.0,288.0,0,159.0,0,0.2,1,0,3,0,1,1
52,128.0,205.0,1,184.0,0,0.0,1,0,1,1,2,0
64,125.0,309.0,0,131.0,1,1.8,1,0,2,1,1,1
58,105.0,240.0,0,154.0,1,0.6,1,0,2,0,1,0
47,108.0,243.0,0,152.0,0,0.0,1,0,2,1,2,1
57,165.0,289.0,1,124.0,0,1.0,1,0,0,0,1,1
41,112.0,250.0,0,179.0,0,0.0,1,0,2,1,2,0
45,128.0,308.0,0,170.0,0,0.0,1,0,1,0,2,0
60,102.0,318.0,0,160.0,0,0.0,0,0,2,1,2,0
52,152.0,298.0,1,178.0,0,1.2,1,0,3,1,1,0
42,102.0,265.0,0,122.0,0,0.6,0,0,0,0,1,0
67,115.0,564.0,0,160.0,0,1.6,0,0,2,0,1,0
55,160.0,289.0,0,145.0,1,0.8,1,0,0,0,1,1
64,120.0,246.0,0,96.0,1,2.2,1,0,0,0,0,1
70,130.0,322.0,0,109.0,0,2.4,1,0,0,0,1,1
51,140.0,299.0,0,173.0,1,1.6,1,0,0,1,2,1
58,125.0,300.0,0,171.0,0,0.0,1,0,0,0,2,1
60,140.0,293.0,0,170.0,0,1.2,1,0,0,0,1,1
68,118.0,277.0,0,151.0,0,1.0,1,0,2,1,2,0
46,101.0,197.0,1,156.0,0,0.0,1,0,1,1,2,0
77,125.0,304.0,0,162.0,1,0.0,1,0,0,0,2,1
54,110.0,214.0,0,158.0,0,1.6,0,0,2,1,1,0
58,100.0,248.0,0,122.0,0,1.0,0,0,0,0,1,0
48,124.0,255.0,1,175.0,0,0.0,1,0,2,1,2,0
57,132.0,207.0,0,168.0,1,0.0,1,0,0,1,2,0
52,138.0,223.0,0,169.0,0,0.0,1,0,2,1,2,0
54,132.0,288.0,1,159.0,1,0.0,0,0,1,0,2,0
35,126.0,282.0,0,156.0,1,0.0,1,0,0,0,2,1
45,112.0,160.0,0,138.0,0,0.0,0,0,1,1,1,0
70,160.0,269.0,0,112.0,1,2.9,1,0,2,1,1,1
53,142.0,226.0,0,111.0,1,0.0,1,0,0,0,2,0
59,174.0,249.0,0,143.0,1,0.0,0,0,0,1,1,1
62,140.0,394.0,0,157.0,0,1.2,0,0,0,0,1,0
64,145.0,212.0,0,132.0,0,2.0,1,0,0,0,1,1
57,152.0,274.0,0,88.0,1,1.2,1,0,0,1,1,1
52,108.0,233.0,1,147.0,0,0.1,1,0,0,1,2,0
56,132.0,184.0,0,105.0,1,2.1,1,0,0,0,1,1
43,130.0,315.0,0,162.0,0,1.9,1,0,2,1,2,0
53,130.0,246.0,1,173.0,0,0.0,1,0,2,0,2,0
48,124.0,274.0,0,166.0,0,0.5,1,0,0,0,1,1
56,134.0,409.0,0,150.0,1,1.9,0,0,0,0,1,1
42,148.0,244.0,0,178.0,0,0.8,1,0,3,0,2,0
59,178.0,270.0,0,145.0,0,4.2,1,0,3,0,0,0
60,158.0,305.0,0,161.0,0,0.0,0,0,0,0,2,1
63,140.0,195.0,0,179.0,0,0.0,0,0,1,1,2,0
42,120.0,240.0,1,194.0,0,0.8,1,0,2,1,0,0
66,160.0,246.0,0,120.0,1,0.0,1,0,1,1,1,1
54,192.0,283.0,0,195.0,0,0.0,1,0,1,0,2,1
69,140.0,254.0,0,146.0,0,2.0,1,0,2,0,1,1
50,129.0,196.0,0,163.0,0,0.0,1,0,2,1,2,0
51,140.0,298.0,0,122.0,1,4.2,1,0,0,1,1,1
43,132.0,247.0,1,143.0,1,0.1,1,0,0,0,1,1
62,138.0,294.0,1,106.0,0,1.9,0,0,0,1,1,1
68,120.0,211.0,0,115.0,0,1.5,0,0,2,0,1,0
67,100.0,299.0,0,125.0,1,0.9,1,0,0,0,1,1
69,160.0,234.0,1,131.0,0,0.1,1,0,3,0,1,0
45,138.0,236.0,0,152.0,1,0.2,0,0,0,0,1,0
50,120.0,244.0,0,162.0,0,1.1,0,0,1,1,2,0
59,160.0,273.0,0,125.0,0,0.0,1,0,3,0,2,1
50,110.0,254.0,0,159.0,0,0.0,0,0,0,0,2,0
64,180.0,325.0,0,154.0,1,0.0,0,0,0,1,2,0
57,150.0,126.0,1,173.0,0,0.2,1,0,2,1,2,0
64,140.0,313.0,0,133.0,0,0.2,0,0,2,1,2,0
43,110.0,211.0,0,161.0,0,0.0,1,0,0,1,2,0
45,142.0,309.0,0,147.0,1,0.0,1,0,0,0,1,1
58,128.0,259.0,0,130.0,1,3.0,1,0,0,0,1,1
50,144.0,200.0,0,126.0,1,0.9,1,0,0,0,1,1
55,130.0,262.0,0,155.0,0,0.0,1,0,1,1,2,0
62,150.0,244.0,0,154.0,1,1.4,0,0,0,1,1,1
37,120.0,215.0,0,170.0,0,0.0,0,0,2,1,2,0
38,120.0,231.0,0,182.0,1,3.8,1,0,3,1,1,1
41,130.0,214.0,0,168.0,0,2.0,1,0,2,0,1,0
66,178.0,228.0,1,165.0,1,1.0,0,0,0,1,1,1
52,112.0,230.0,0,160.0,0,0.0,1,0,0,1,2,1
56,120.0,193.0,0,162.0,0,1.9,1,0,3,0,1,0
46,105.0,204.0,0,172.0,0,0.0,0,0,1,1,2,0
46,138.0,243.0,0,152.0,1,0.0,0,0,0,0,1,0
64,130.0,303.0,0,122.0,0,2.0,0,0,0,1,1,0
59,138.0,271.0,0,182.0,0,0.0,1,0,0,0,2,0
41,112.0,268.0,0,172.0,1,0.0,0,0,2,0,2,0
54,108.0,267.0,0,167.0,0,0.0,0,0,2,0,2,0
39,94.0,199.0,0,179.0,0,0.0,0,0,2,1,2,0
53,123.0,282.0,0,95.0,1,2.0,1,0,0,1,1,1
63,108.0,269.0,0,169.0,1,1.8,0,0,0,1,1,1
34,118.0,210.0,0,192.0,0,0.7,0,0,1,1,2,0
47,112.0,204.0,0,143.0,0,0.1,1,0,0,1,2,0
67,152.0,277.0,0,172.0,0,0.0,0,0,2,1,2,0
54,110.0,206.0,0,108.0,1,0.0,1,0,0,0,1,1
66,112.0,212.0,0,132.0,1,0.1,1,0,0,0,2,1
52,136.0,196.0,0,169.0,0,0.1,0,0,2,0,1,0
55,180.0,327.0,0,117.0,1,3.4,0,0,0,2,1,1
49,118.0,149.0,0,126.0,0,0.8,1,0,2,0,2,1
74,120.0,269.0,0,121.0,1,0.2,0,0,1,0,2,0
54,160.0,201.0,0,163.0,0,0.0,0,0,2,1,2,0
54,122.0,286.0,0,116.0,1,3.2,1,0,0,0,1,1
56,130.0,283.0,1,103.0,1,1.6,1,0,0,0,0,1
46,120.0,249.0,0,144.0,0,0.8,1,0,0,0,2,1
49,134.0,271.0,0,162.0,0,0.0,0,0,1,1,1,0
42,120.0,295.0,0,162.0,0,0.0,1,0,1,1,2,0
41,110.0,235.0,0,153.0,0,0.0,1,0,1,1,2,0
41,126.0,306.0,0,163.0,0,0.0,0,0,1,1,2,0
49,130.0,269.0,0,163.0,0,0.0,0,0,0,1,2,0
61,134.0,234.0,0,145.0,0,2.6,1,0,3,1,1,1
60,120.0,178.0,1,96.0,0,0.0,0,0,2,1,2,0
67,120.0,237.0,0,71.0,0,1.0,1,0,0,1,1,1
58,100.0,234.0,0,156.0,0,0.1,1,0,0,1,2,1
47,110.0,275.0,0,118.0,1,1.0,1,0,0,0,1,1
52,125.0,212.0,0,168.0,0,1.0,1,0,0,1,2,1
62,128.0,208.0,1,140.0,0,0.0,1,0,1,0,2,0
57,110.0,201.0,0,126.0,1,1.5,1,0,0,1,1,0
58,146.0,218.0,0,105.0,0,2.0,1,0,0,1,1,1
64,128.0,263.0,0,105.0,1,0.2,1,0,0,1,1,0
51,120.0,295.0,0,157.0,0,0.6,0,0,2,0,2,0
43,115.0,303.0,0,181.0,0,1.2,1,0,0,1,1,0
42,120.0,209.0,0,173.0,0,0.0,0,0,2,1,1,0
67,106.0,223.0,0,142.0,0,0.3,0,0,0,1,2,0
76,140.0,197.0,0,116.0,0,1.1,0,0,2,2,1,0
70,156.0,245.0,0,143.0,0,0.0,1,0,1,0,2,0
57,124.0,261.0,0,141.0,0,0.3,1,0,1,1,2,1
44,118.0,242.0,0,149.0,0,0.3,0,0,2,1,1,0
58,136.0,319.0,1,152.0,0,0.0,0,0,1,0,2,1
60,150.0,240.0,0,171.0,0,0.9,0,0,3,1,2,0
44,120.0,226.0,0,169.0,0,0.0,1,0,2,1,2,0
61,138.0,166.0,0,125.0,1,3.6,1,0,0,0,1,1
42,136.0,315.0,0,125.0,1,1.8,1,0,0,1,1,1
52,128.0,204.0,1,156.0,1,1.0,1,0,0,1,1,1
59,126.0,218.0,1,134.0,0,2.2,1,0,2,1,1,1
40,152.0,223.0,0,181.0,0,0.0,1,0,0,1,2,1
42,130.0,180.0,0,150.0,0,0.0,1,0,2,1,2,0
61,140.0,207.0,0,138.0,1,1.9,1,0,0,0,2,1
66,160.0,228.0,0,138.0,0,2.3,1,0,0,0,2,0
46,140.0,311.0,0,120.0,1,1.8,1,0,0,1,1,1
71,112.0,149.0,0,125.0,0,1.6,0,0,0,1,1,0
59,134.0,204.0,0,162.0,0,0.8,1,0,3,1,2,1
64,170.0,227.0,0,155.0,0,0.6,1,0,3,0,1,0
66,146.0,278.0,0,152.0,0,0.0,0,0,2,0,1,0
39,138.0,220.0,0,152.0,0,0.0,0,0,2,1,1,0
57,154.0,232.0,0,164.0,0,0.0,1,0,1,0,2,1
58,130.0,197.0,0,131.0,0,0.6,0,0,0,1,1,0
57,110.0,335.0,0,143.0,1,3.0,1,0,0,1,1,1
47,130.0,253.0,0,179.0,0,0.0,1,0,2,1,2,0
55,128.0,205.0,0,130.0,1,2.0,0,0,0,2,1,1
35,122.0,192.0,0,174.0,0,0.0,1,0,1,1,2,0
61,148.0,203.0,0,161.0,0,0.0,1,0,0,1,2,1
58,114.0,318.0,0,140.0,0,4.4,1,0,0,2,0,1
58,170.0,225.0,1,146.0,1,2.8,0,0,0,0,1,1
58,125.0,220.0,0,144.0,0,0.4,1,0,1,1,1,0
56,130.0,221.0,0,163.0,0,0.0,1,0,1,0,2,0
56,120.0,240.0,0,169.0,0,0.0,1,0,1,1,0,0
67,152.0,212.0,0,150.0,0,0.8,1,0,2,0,1,1
55,132.0,342.0,0,166.0,0,1.2,0,0,1,1,2,0
44,120.0,169.0,0,144.0,1,2.8,1,0,0,1,0,1
63,140.0,187.0,0,144.0,1,4.0,1,0,0,0,2,1
63,124.0,197.0,0,136.0,1,0.0,0,0,0,1,1,1
41,120.0,157.0,0,182.0,0,0.0,1,0,1,1,2,0
59,164.0,176.0,1,90.0,0,1.0,1,0,0,0,1,1
57,140.0,241.0,0,123.0,1,0.2,0,0,0,1,1,1
45,110.0,264.0,0,132.0,0,1.2,1,0,3,1,1,1
68,144.0,193.0,1,141.0,0,3.4,1,0,0,1,1,1
57,130.0,131.0,0,115.0,1,1.2,1,0,0,1,1,1
57,130.0,236.0,0,174.0,0,0.0,0,0,1,0,1,1
38,138.0,175.0,0,173.0,0,0.0,1,0,2,1,2,0
28,130.0,132.0,0,185.0,0,0.0,1,0,1,0,1,0
29,120.0,243.0,0,160.0,0,0.0,1,1,1,1,1,0
29,140.0,199.13033707865168,0,170.0,0,0.0,1,1,1,1,1,0
30,170.0,237.0,0,170.0,0,0.0,0,1,3,2,1,0
31,100.0,219.0,0,150.0,0,0.0,0,1,1,2,1,0
32,105.0,198.0,0,165.0,0,0.0,0,1,1,1,1,0
32,110.0,225.0,0,184.0,0,0.0,1,1,1,1,1,0
32,125.0,254.0,0,155.0,0,0.0,1,1,1,1,1,0
33,120.0,298.0,0,185.0,0,0.0,1,1,2,1,1,0
34,130.0,161.0,0,190.0,0,0.0,0,1,1,1,1,0
34,150.0,214.0,0,168.0,0,0.0,1,1,1,2,1,0
34,98.0,220.0,0,150.0,0,0.0,1,1,1,1,1,0
35,120.0,160.0,0,185.0,0,0.0,0,1,3,2,1,0
35,140.0,167.0,0,150.0,0,0.0,0,1,0,1,1,0
35,120.0,308.0,0,180.0,0,0.0,1,1,1,0,1,0
35,150.0,264.0,0,168.0,0,0.0,1,1,1,1,1,0
36,120.0,166.0,0,180.0,0,0.0,1,1,1,1,1,0
36,112.0,340.0,0,184.0,0,1.0,1,1,2,1,1,0
36,130.0,209.0,0,178.0,0,0.0,1,1,2,1,1,0
36,150.0,160.0,0,172.0,0,0.0,1,1,2,1,1,0
37,120.0,260.0,0,130.0,0,0.0,0,1,1,1,1,0
37,130.0,211.0,0,142.0,0,0.0,0,1,2,1,1,0
37,130.0,173.0,0,184.0,0,0.0,0,1,0,2,1,0
37,130.0,283.0,0,98.0,0,0.0,1,1,1,2,1,0
37,130.0,194.0,0,150.0,0,0.0,1,1,2,1,1,0
37,120.0,223.0,0,168.0,0,0.0,1,1,0,1,1,0
37,130.0,315.0,0,158.0,0,0.0,1,1,0,1,1,0
38,120.0,275.0,0,129.0,0,0.0,0,1,1,1,1,0
38,140.0,297.0,0,150.0,0,0.0,1,1,1,1,1,0
38,145.0,292.0,0,130.0,0,0.0,1,1,2,1,1,0
39,110.0,182.0,0,180.0,0,0.0,0,1,2,2,1,0
39,120.0,199.13033707865168,0,146.0,0,2.0,1,1,1,2,2,0
39,120.0,200.0,0,160.0,1,1.0,1,1,1,1,1,0
39,120.0,204.0,0,145.0,0,0.0,1,1,1,1,1,0
39,130.0,199.13033707865168,0,120.0,0,0.0,1,1,1,1,1,0
39,190.0,241.0,0,106.0,0,0.0,1,1,1,1,1,0
39,120.0,339.0,0,170.0,0,0.0,1,1,2,1,1,0
39,160.0,147.0,1,160.0,0,0.0,1,1,2,1,1,0
39,110.0,273.0,0,132.0,0,0.0,1,1,0,1,1,0
39,130.0,307.0,0,140.0,0,0.0,1,1,0,1,1,0
40,130.0,275.0,0,150.0,0,0.0,1,1,1,1,1,0
40,140.0,289.0,0,172.0,0,0.0,1,1,1,1,1,0
40,130.0,215.0,0,138.0,0,0.0,1,1,2,1,1,0
40,130.0,281.0,0,167.0,0,0.0,1,1,2,1,1,0
40,140.0,199.13033707865168,0,188.0,0,0.0,1,1,2,1,1,0
41,110.0,250.0,0,142.0,0,0.0,0,1,1,2,1,0
41,125.0,184.0,0,180.0,0,0.0,0,1,1,1,1,0
41,130.0,245.0,0,150.0,0,0.0,0,1,1,1,1,0
41,120.0,291.0,0,160.0,0,0.0,1,1,1,2,1,0
41,120.0,295.0,0,170.0,0,0.0,1,1,1,1,1,0
41,125.0,269.0,0,144.0,0,0.0,1,1,1,1,1,0
41,112.0,250.0,0,142.0,0,0.0,1,1,0,1,1,0
42,115.0,211.0,0,137.0,0,0.0,0,1,2,2,1,0
42,120.0,196.0,0,150.0,0,0.0,1,1,1,1,1,0
42,120.0,198.0,0,155.0,0,0.0,1,1,1,1,1,0
42,150.0,268.0,0,136.0,0,0.0,1,1,1,1,1,0
42,120.0,228.0,0,152.0,1,1.5,1,1,2,1,1,0
42,160.0,147.0,0,146.0,0,0.0,1,1,2,1,1,0
42,140.0,358.0,0,170.0,0,0.0,1,1,0,1,1,0
43,100.0,223.0,0,142.0,0,0.0,0,1,3,1,1,0
43,120.0,201.0,0,165.0,0,0.0,0,1,1,1,1,0
43,120.0,215.0,0,175.0,0,0.0,0,1,1,2,1,0
43,120.0,249.0,0,176.0,0,0.0,0,1,1,2,1,0
43,120.0,266.0,0,118.0,0,0.0,0,1,1,1,1,0
43,150.0,186.0,0,154.0,0,0.0,0,1,1,1,1,0
43,150.0,199.13033707865168,0,175.0,0,0.0,0,1,2,1,1,0
43,142.0,207.0,0,138.0,0,0.0,1,1,1,1,1,0
44,120.0,218.0,0,115.0,0,0.0,0,1,0,2,1,0
44,120.0,184.0,0,142.0,0,1.0,1,1,1,1,1,0
44,130.0,215.0,0,135.0,0,0.0,1,1,1,1,1,0
44,150.0,412.0,0,170.0,0,0.0,1,1,0,1,1,0
45,130.0,237.0,0,170.0,0,0.0,0,1,1,1,1,0
45,180.0,199.13033707865168,0,180.0,0,0.0,0,1,1,1,1,0
45,132.0,297.0,0,144.0,0,0.0,0,1,0,1,1,0
45,140.0,224.0,1,122.0,0,0.0,1,1,1,1,1,0
45,135.0,199.13033707865168,0,110.0,0,0.0,1,1,2,1,1,0
45,120.0,225.0,0,140.0,0,0.0,1,1,0,1,1,0
45,140.0,224.0,0,144.0,0,0.0,1,1,0,1,1,0
46,130.0,238.0,0,90.0,0,0.0,0,1,0,1,1,0
46,140.0,275.0,0,165.0,1,0.0,1,1,1,1,1,0
46,120.0,230.0,0,150.0,0,0.0,1,1,2,1,1,0
46,150.0,163.0,0,116.0,0,0.0,1,1,2,1,1,0
46,110.0,238.0,0,140.0,1,1.0,1,1,0,2,1,0
46,110.0,240.0,0,140.0,0,0.0,1,1,0,2,1,0
46,180.0,280.0,0,120.0,0,0.0,1,1,0,2,1,0
47,140.0,257.0,0,135.0,0,1.0,0,1,1,1,2,0
47,130.0,199.13033707865168,0,145.0,0,2.0,0,1,2,1,1,0
47,110.0,249.0,0,150.0,0,0.0,1,1,3,1,1,0
47,160.0,263.0,0,174.0,0,0.0,1,1,1,1,1,0
47,140.0,276.0,1,125.0,1,0.0,1,1,0,1,1,0
48,132.13240418118468,308.0,0,137.5456647398844,0,2.0,0,1,1,2,2,0
48,120.0,199.13033707865168,1,148.0,0,0.0,0,1,1,2,1,0
48,120.0,284.0,0,120.0,0,0.0,0,1,1,1,1,0
48,120.0,195.0,0,125.0,0,0.0,0,1,2,1,1,0
48,108.0,163.0,0,175.0,0,2.0,0,1,0,1,2,0
48,120.0,254.0,0,110.0,0,0.0,0,1,0,2,1,0
48,150.0,227.0,0,130.0,1,1.0,0,1,0,1,1,0
48,100.0,199.13033707865168,0,100.0,0,0.0,1,1,1,1,1,0
48,130.0,245.0,0,160.0,0,0.0,1,1,1,1,1,0
48,140.0,238.0,0,118.0,0,0.0,1,1,1,1,1,0
48,110.0,211.0,0,138.0,0,0.0,1,1,2,1,1,0
49,110.0,199.13033707865168,0,160.0,0,0.0,0,1,1,1,1,0
49,110.0,199.13033707865168,0,160.0,0,0.0,0,1,1,1,1,0
49,124.0,201.0,0,164.0,0,0.0,0,1,1,1,1,0
49,130.0,207.0,0,135.0,0,0.0,0,1,2,2,1,0
49,100.0,253.0,0,174.0,0,0.0,1,1,1,1,1,0
49,140.0,187.0,0,172.0,0,0.0,1,1,2,1,1,0
49,120.0,297.0,0,132.0,0,1.0,1,1,0,1,1,0
49,140.0,199.13033707865168,0,130.0,0,0.0,1,1,0,1,1,0
50,110.0,202.0,0,145.0,0,0.0,0,1,1,1,1,0
50,120.0,328.0,0,110.0,1,1.0,0,1,0,1,1,0
50,120.0,168.0,0,160.0,0,0.0,1,1,1,1,1,0
50,140.0,216.0,0,170.0,0,0.0,1,1,1,1,1,0
50,170.0,209.0,0,116.0,0,0.0,1,1,1,2,1,0
50,140.0,129.0,0,135.0,0,0.0,1,1,0,1,1,0
50,150.0,215.0,0,140.0,1,0.0,1,1,0,1,1,0
51,160.0,194.0,0,170.0,0,0.0,0,1,1,1,1,0
51,110.0,190.0,0,120.0,0,0.0,0,1,2,1,1,0
51,130.0,220.0,0,160.0,1,2.0,0,1,2,1,2,0
51,150.0,200.0,0,120.0,0,0.5,0,1,2,1,2,0
51,125.0,188.0,0,145.0,0,0.0,1,1,1,1,1,0
51,130.0,224.0,0,150.0,0,0.0,1,1,1,1,1,0
51,130.0,179.0,0,100.0,0,0.0,1,1,0,1,1,0
52,120.0,210.0,0,148.0,0,0.0,0,1,1,1,1,0
52,140.0,199.13033707865168,0,140.0,0,0.0,0,1,1,1,1,0
52,125.0,272.0,0,139.0,0,0.0,0,1,2,1,1,0
52,130.0,180.0,0,140.0,1,1.5,0,1,0,1,1,0
52,120.0,284.0,0,118.0,0,0.0,1,1,1,1,1,0
52,140.0,100.0,0,138.0,1,0.0,1,1,1,1,1,0
52,160.0,196.0,0,165.0,0,0.0,1,1,1,1,1,0
52,140.0,259.0,0,170.0,0,0.0,1,1,2,2,1,0
53,113.0,468.0,0,127.0,0,0.0,0,1,1,1,1,0
53,140.0,216.0,0,142.0,1,2.0,0,1,1,1,1,0
53,120.0,274.0,0,130.0,0,0.0,0,1,2,1,1,0
53,120.0,199.13033707865168,0,132.0,0,0.0,1,1,1,1,1,0
53,140.0,320.0,0,162.0,0,0.0,1,1,1,1,1,0
53,120.0,195.0,0,140.0,0,0.0,1,1,2,1,1,0
53,124.0,260.0,0,112.0,1,3.0,1,1,0,2,1,0
53,130.0,182.0,0,148.0,0,0.0,1,1,0,1,1,0
53,140.0,243.0,0,155.0,0,0.0,1,1,0,1,1,0
54,120.0,221.0,0,138.0,0,1.0,0,1,1,1,2,0
54,120.0,230.0,1,140.0,0,0.0,0,1,1,1,1,0
54,120.0,273.0,0,150.0,0,1.5,0,1,1,1,1,0
54,130.0,253.0,0,155.0,0,0.0,0,1,1,2,1,0
54,140.0,309.0,0,140.0,0,0.0,0,1,1,2,1,0
54,150.0,230.0,0,130.0,0,0.0,0,1,1,1,1,0
54,160.0,312.0,0,130.0,0,0.0,0,1,1,1,1,0
54,120.0,171.0,0,137.0,0,2.0,1,1,3,1,2,0
54,110.0,208.0,0,142.0,0,0.0,1,1,1,1,1,0
54,120.0,238.0,0,154.0,0,0.0,1,1,1,1,1,0
54,120.0,246.0,0,110.0,0,0.0,1,1,1,1,1,0
54,160.0,195.0,0,130.0,0,1.0,1,1,1,2,2,0
54,160.0,305.0,0,175.0,0,0.0,1,1,1,1,1,0
54,120.0,217.0,0,137.0,0,0.0,1,1,2,1,1,0
54,150.0,199.13033707865168,0,122.0,0,0.0,1,1,2,1,1,0
54,150.0,365.0,0,134.0,0,1.0,1,1,0,2,2,0
55,110.0,344.0,0,160.0,0,0.0,0,1,1,2,1,0
55,122.0,320.0,0,155.0,0,0.0,0,1,1,1,1,0
55,130.0,394.0,0,150.0,0,0.0,0,1,1,0,1,0
55,120.0,256.0,1,137.0,0,0.0,1,1,1,1,1,0
55,140.0,196.0,0,150.0,0,0.0,1,1,1,1,1,0
55,145.0,326.0,0,155.0,0,0.0,1,1,1,1,1,0
55,110.0,277.0,0,160.0,0,0.0,1,1,2,1,1,0
55,120.0,220.0,0,134.0,0,0.0,1,1,2,0,1,0
55,120.0,270.0,0,140.0,0,0.0,1,1,0,1,1,0
55,140.0,229.0,0,110.0,1,0.5,1,1,0,1,1,0
56,130.0,219.0,0,164.0,0,0.0,0,1,2,2,1,0
56,130.0,184.0,0,100.0,0,0.0,1,1,1,1,1,0
56,130.0,199.13033707865168,0,114.0,0,0.0,1,1,2,1,1,0
56,130.0,276.0,0,128.0,1,1.0,1,1,2,1,2,0
56,120.0,85.0,0,140.0,0,0.0,1,1,0,1,1,0
57,130.0,308.0,0,98.0,0,1.0,0,1,3,1,1,0
57,180.0,347.0,0,126.0,1,0.8,0,1,0,2,1,0
57,140.0,260.0,1,140.0,0,0.0,1,1,1,1,1,0
58,130.0,230.0,0,150.0,0,0.0,1,1,1,1,1,0
58,130.0,251.0,0,110.0,0,0.0,1,1,1,1,1,0
58,140.0,179.0,0,160.0,0,0.0,1,1,2,1,1,0
58,135.0,222.0,0,100.0,0,0.0,1,1,0,1,1,0
59,130.0,188.0,0,124.0,0,1.0,0,1,1,1,1,0
59,140.0,287.0,0,150.0,0,0.0,1,1,1,1,1,0
59,130.0,318.0,0,120.0,1,1.0,1,1,2,1,1,0
59,180.0,213.0,0,100.0,0,0.0,1,1,2,1,1,0
59,140.0,199.13033707865168,0,140.0,0,0.0,1,1,0,1,1,0
60,120.0,246.0,0,135.0,0,0.0,1,1,2,0,1,0
61,130.0,294.0,0,120.0,1,1.0,0,1,0,2,1,0
61,125.0,292.0,0,115.0,1,0.0,1,1,0,2,1,0
62,160.0,193.0,0,116.0,0,0.0,0,1,3,1,1,0
62,140.0,271.0,0,152.0,0,1.0,1,1,1,1,2,0
31,120.0,270.0,0,153.0,1,1.5,1,1,0,1,1,1
33,100.0,246.0,0,150.0,1,1.0,0,1,0,1,1,1
34,140.0,156.0,0,180.0,0,0.0,1,1,3,1,1,1
35,110.0,257.0,0,140.0,0,0.0,1,1,1,1,1,1
36,120.0,267.0,0,160.0,0,3.0,1,1,1,1,1,1
37,140.0,207.0,0,130.0,1,1.5,1,1,0,1,1,1
38,110.0,196.0,0,166.0,0,0.0,1,1,0,1,1,1
38,120.0,282.0,0,170.0,0,0.0,1,1,0,1,1,1
38,92.0,117.0,0,134.0,1,2.5,1,1,0,1,1,1
40,120.0,466.0,0,152.0,1,1.0,1,1,0,1,1,1
41,110.0,289.0,0,170.0,0,0.0,1,1,0,1,1,1
41,120.0,237.0,0,138.0,1,1.0,1,1,0,1,1,1
43,150.0,247.0,0,130.0,1,2.0,1,1,0,1,1,1
46,110.0,202.0,0,150.0,1,0.0,1,1,0,1,1,1
46,118.0,186.0,0,124.0,0,0.0,1,1,0,1,1,1
46,120.0,277.0,0,125.0,1,1.0,1,1,0,1,1,1
47,140.0,193.0,0,145.0,1,1.0,1,1,2,1,1,1
47,150.0,226.0,0,98.0,1,1.5,1,1,0,1,1,1
48,106.0,263.0,1,110.0,0,0.0,1,1,0,1,1,1
48,120.0,260.0,0,115.0,0,2.0,1,1,0,1,1,1
48,160.0,268.0,0,103.0,1,1.0,1,1,0,1,1,1
49,160.0,180.0,0,156.0,0,1.0,0,1,2,1,1,1
49,115.0,265.0,0,175.0,0,0.0,1,1,2,1,1,1
49,130.0,206.0,0,170.0,0,0.0,1,1,0,1,1,1
50,140.0,288.0,0,140.0,1,0.0,0,1,2,1,1,1
50,145.0,264.0,0,150.0,0,0.0,1,1,0,1,1,1
51,160.0,303.0,0,150.0,1,1.0,0,1,0,1,1,1
52,130.0,225.0,0,120.0,1,2.0,1,1,0,1,1,1
54,125.0,216.0,0,140.0,0,0.0,1,1,0,1,1,1
54,125.0,224.0,0,122.0,0,2.0,1,1,0,1,1,1
55,140.0,201.0,0,130.0,1,3.0,1,1,0,1,1,1
57,140.0,265.0,0,145.0,1,1.0,1,1,1,2,1,1
58,130.0,213.0,0,140.0,0,0.0,1,1,2,2,1,1
59,130.0,338.0,1,130.0,1,1.5,0,1,0,2,1,1
60,100.0,248.0,0,125.0,0,1.0,1,1,0,1,1,1
63,150.0,223.0,0,115.0,0,0.0,1,1,0,1,1,1
65,140.0,306.0,1,87.0,1,1.5,1,1,0,1,1,1
32,118.0,529.0,0,130.0,0,0.0,1,1,0,1,1,1
38,110.0,199.13033707865168,0,150.0,1,1.0,1,1,0,1,1,1
39,110.0,280.0,0,150.0,0,0.0,1,1,0,1,1,1
40,150.0,392.0,0,130.0,0,2.0,0,1,0,1,1,1
43,120.0,291.0,0,155.0,0,0.0,1,1,3,2,1,1
45,130.0,219.0,0,130.0,1,1.0,1,1,0,2,1,1
46,120.0,231.0,0,115.0,1,0.0,1,1,0,1,1,1
46,130.0,222.0,0,112.0,0,0.0,1,1,0,1,1,1
48,122.0,275.0,1,150.0,1,2.0,1,1,0,2,0,1
48,160.0,193.0,0,102.0,1,3.0,1,1,0,1,1,1
48,160.0,329.0,0,92.0,1,1.5,1,1,0,1,1,1
48,160.0,355.0,0,99.0,1,2.0,1,1,0,1,1,1
50,130.0,233.0,0,121.0,1,2.0,1,1,0,1,1,1
52,120.0,182.0,0,150.0,0,0.0,1,1,0,1,1,1
52,170.0,199.13033707865168,0,126.0,1,1.5,1,1,0,1,1,1
53,120.0,246.0,0,116.0,1,0.0,1,1,0,1,1,1
54,120.0,237.0,0,150.0,1,1.5,1,1,2,1,1,1
54,130.0,242.0,0,91.0,1,1.0,1,1,0,1,1,1
54,130.0,603.0,1,125.0,1,1.0,1,1,0,1,1,1
54,140.0,199.13033707865168,0,118.0,1,0.0,1,1,0,1,1,1
54,200.0,198.0,0,142.0,1,2.0,1,1,0,1,1,1
55,140.0,268.0,0,128.0,1,1.5,1,1,0,1,1,1
56,150.0,213.0,1,125.0,1,1.0,1,1,0,1,1,1
57,150.0,255.0,0,92.0,1,3.0,1,1,0,1,1,1
58,160.0,211.0,1,92.0,0,0.0,1,1,2,2,1,1
58,130.0,263.0,0,140.0,1,2.0,1,1,0,1,1,1
41,130.0,172.0,0,130.0,0,2.0,1,1,0,2,1,1
43,120.0,175.0,0,120.0,1,1.0,1,1,0,1,1,1
44,150.0,288.0,0,150.0,1,3.0,1,1,1,1,1,1
44,130.0,290.0,0,100.0,1,2.0,1,1,0,1,1,1
46,140.0,272.0,1,175.0,0,2.0,1,1,3,1,1,1
47,135.0,248.0,1,170.0,0,0.0,0,1,2,1,1,1
48,138.0,214.0,0,108.0,1,1.5,0,1,0,1,1,1
49,130.0,341.0,0,120.0,1,1.0,1,1,0,1,1,1
49,140.0,234.0,0,140.0,1,1.0,1,1,0,1,1,1
51,135.0,160.0,0,150.0,0,2.0,1,1,2,1,1,1
52,112.0,342.0,0,96.0,1,1.0,1,1,0,2,1,1
52,130.0,298.0,0,110.0,1,1.0,1,1,0,1,1,1
52,140.0,404.0,0,124.0,1,2.0,1,1,0,1,1,1
52,160.0,246.0,0,82.0,1,4.0,1,1,0,2,1,1
53,145.0,518.0,0,130.0,0,0.0,1,1,2,1,1,1
53,180.0,285.0,0,120.0,1,1.5,1,1,0,2,1,1
54,140.0,216.0,0,105.0,0,1.5,1,1,0,1,1,1
55,140.0,295.0,0,136.0,0,0.0,1,1,3,1,1,1
55,160.0,292.0,1,143.0,1,2.0,1,1,1,1,1,1
55,145.0,248.0,0,96.0,1,2.0,1,1,0,1,1,1
56,120.0,279.0,0,150.0,0,1.0,0,1,1,1,1,1
56,150.0,230.0,0,124.0,1,1.5,1,1,0,2,1,1
56,170.0,388.0,0,122.0,1,2.0,1,1,0,2,1,1
58,136.0,164.0,0,99.0,1,2.0,1,1,1,2,1,1
59,130.0,199.13033707865168,0,125.0,0,0.0,1,1,0,1,1,1
59,140.0,264.0,1,119.0,1,0.0,1,1,0,0,1,1
65,170.0,263.0,1,112.0,1,2.0,1,1,0,1,1,1
66,140.0,199.13033707865168,0,94.0,1,1.0,1,1,0,1,1,1
41,120.0,336.0,0,118.0,1,3.0,1,1,0,1,1,1
43,140.0,288.0,0,135.0,1,2.0,1,1,0,1,1,1
44,135.0,491.0,0,135.0,0,0.0,1,1,0,1,1,1
47,120.0,205.0,0,98.0,1,2.0,0,1,0,1,1,1
47,160.0,291.0,0,158.0,1,3.0,1,1,0,2,1,1
49,128.0,212.0,0,96.0,1,0.0,1,1,0,1,1,1
49,150.0,222.0,0,122.0,0,2.0,1,1,0,1,1,1
50,140.0,231.0,0,140.0,1,5.0,1,1,0,2,1,1
50,140.0,341.0,0,125.0,1,2.5,1,1,0,2,1,1
52,140.0,266.0,0,134.0,1,2.0,1,1,0,1,1,1
52,160.0,331.0,0,94.0,1,2.5,1,1,0,1,1,1
54,130.0,294.0,0,100.0,1,0.0,0,1,2,2,1,1
56,155.0,342.0,1,150.0,1,3.0,1,1,0,1,1,1
58,180.0,393.0,0,110.0,1,1.0,0,1,1,1,1,1
65,130.0,275.0,0,115.0,1,1.0,1,1,0,2,1,1
32,95.0,236.0,0,127.0,0,0.7,1,2,3,1,2,1
34,115.0,236.0,0,154.0,0,0.2,1,2,0,1,2,1
35,132.13240418118468,236.0,0,130.0,1,0.8787878787878788,1,2,0,1,1,1
36,110.0,236.0,0,125.0,1,1.0,1,2,0,1,1,1
38,105.0,236.0,0,166.0,0,2.8,0,2,0,1,2,1
38,110.0,236.0,0,156.0,0,0.0,0,2,0,1,1,1
38,115.0,236.0,0,128.0,1,0.0,1,2,2,1,1,1
38,135.0,236.0,0,150.0,0,0.0,1,2,0,1,1,1
38,150.0,236.0,0,120.0,1,0.8787878787878788,1,2,0,1,1,1
40,95.0,236.0,0,144.0,0,0.0,1,2,0,2,2,1
41,125.0,236.0,0,176.0,0,1.6,1,2,0,1,2,1
42,145.0,236.0,0,99.0,1,0.0,1,2,0,1,1,1
43,100.0,236.0,0,122.0,0,1.5,1,2,0,1,0,1
43,115.0,236.0,0,145.0,1,2.0,1,2,0,1,1,1
43,140.0,236.0,0,140.0,1,0.5,1,2,0,2,2,1
46,115.0,236.0,0,113.0,1,1.5,1,2,0,1,1,1
47,110.0,236.0,0,120.0,1,0.0,1,2,2,1,1,1
47,155.0,236.0,0,118.0,1,1.0,1,2,2,1,1,1
47,110.0,236.0,0,149.0,0,2.1,1,2,0,2,2,1
47,160.0,236.0,0,124.0,1,0.0,1,2,0,1,1,1
48,115.0,236.0,0,128.0,0,0.0,1,2,0,1,1,1
50,160.0,236.0,0,110.0,0,0.0,0,2,0,1,1,1
50,115.0,236.0,0,120.0,1,0.5,1,2,0,1,1,1
50,120.0,236.0,0,156.0,1,0.0,1,2,0,2,2,1
50,145.0,236.0,0,139.0,1,0.7,1,2,0,1,1,1
51,120.0,236.0,0,127.0,1,1.5,0,2,0,1,2,1
51,110.0,236.0,0,92.0,0,0.0,1,2,0,1,1,1
51,120.0,236.0,1,104.0,0,0.0,1,2,0,1,1,1
51,130.0,236.0,0,163.0,0,0.0,1,2,0,2,1,1
51,140.0,236.0,0,60.0,0,0.0,1,2,0,1,1,1
51,95.0,236.0,0,126.0,0,2.2,1,2,0,1,1,1
52,130.0,236.0,0,120.0,0,0.0,1,2,0,1,1,1
52,135.0,236.0,0,128.0,1,2.0,1,2,0,1,1,1
52,165.0,236.0,0,122.0,1,1.0,1,2,0,1,2,1
52,95.0,236.0,0,82.0,1,0.8787878787878788,1,2,0,1,1,1
53,120.0,236.0,0,95.0,0,0.0,1,2,1,1,1,1
53,130.0,236.0,0,120.0,0,0.7,1,2,1,2,0,0
53,105.0,236.0,0,115.0,0,0.0,1,2,2,1,1,1
53,160.0,236.0,0,122.0,1,0.0,1,2,2,0,1,1
53,120.0,236.0,0,120.0,0,0.0,1,2,0,1,1,1
53,125.0,236.0,0,120.0,0,1.5,1,2,0,1,2,1
53,130.0,236.0,0,135.0,1,1.0,1,2,0,0,1,1
53,80.0,236.0,0,141.0,1,2.0,1,2,0,1,0,0
54,120.0,236.0,0,155.0,0,0.0,1,2,0,1,1,1
54,130.0,236.0,0,110.0,1,3.0,1,2,0,1,1,1
54,180.0,236.0,0,150.0,0,1.5,1,2,0,1,1,1
55,140.0,236.0,0,150.0,0,0.2,1,2,1,2,2,0
55,115.0,236.0,0,155.0,0,0.1,1,2,0,1,1,1
55,120.0,236.0,0,92.0,0,0.3,1,2,0,2,2,1
55,140.0,236.0,0,83.0,0,0.0,1,2,0,1,1,1
56,120.0,236.0,0,97.0,0,0.0,1,2,2,1,1,0
56,155.0,236.0,0,99.0,0,0.0,1,2,2,2,1,1
56,120.0,236.0,0,148.0,0,0.0,1,2,0,2,1,1
56,125.0,236.0,1,103.0,1,1.0,1,2,0,1,1,1
56,140.0,236.0,0,121.0,1,1.8,1,2,0,1,2,1
57,105.0,236.0,0,148.0,0,0.3,1,2,2,1,1,1
57,110.0,236.0,0,131.0,1,1.4,1,2,0,2,2,1
57,140.0,236.0,0,120.0,1,2.0,1,2,0,1,1,1
57,140.0,236.0,0,100.0,1,0.0,1,2,0,1,1,1
57,160.0,236.0,0,98.0,1,2.0,1,2,0,1,1,1
57,95.0,236.0,0,182.0,0,0.7,1,2,0,1,0,1
58,115.0,236.0,0,138.0,0,0.5,1,2,0,1,2,1
58,130.0,236.0,0,100.0,1,1.0,1,2,0,2,1,1
58,170.0,236.0,0,105.0,1,0.0,1,2,0,2,1,1
59,125.0,236.0,0,175.0,0,2.6,1,2,2,1,1,1
59,110.0,236.0,0,94.0,0,0.0,1,2,0,1,1,1
59,120.0,236.0,0,115.0,0,0.0,1,2,0,1,1,1
59,125.0,236.0,0,119.0,1,0.9,1,2,0,1,2,1
59,135.0,236.0,0,115.0,1,1.0,1,2,0,1,1,1
60,115.0,236.0,0,143.0,0,2.4,1,2,2,1,2,1
60,125.0,236.0,0,110.0,0,0.1,1,2,0,1,2,1
60,130.0,236.0,0,130.0,1,1.1,1,2,0,2,0,1
60,135.0,236.0,0,63.0,1,0.5,1,2,0,1,2,1
60,160.0,236.0,0,99.0,1,0.5,1,2,0,2,1,1
60,160.0,236.0,0,149.0,0,0.4,1,2,0,1,1,1
61,200.0,236.0,0,70.0,0,0.0,1,2,2,2,1,1
61,105.0,236.0,0,110.0,1,1.5,1,2,0,1,2,1
61,110.0,236.0,0,113.0,0,1.4,1,2,0,1,1,1
61,125.0,236.0,0,105.0,1,0.0,1,2,0,1,0,1
61,130.0,236.0,0,115.0,0,0.0,1,2,0,0,1,1
61,130.0,236.0,0,77.0,0,2.5,1,2,0,1,1,1
61,150.0,236.0,0,105.0,1,0.0,1,2,0,1,1,1
61,150.0,236.0,0,117.0,1,2.0,1,2,0,1,1,1
61,160.0,236.0,1,145.0,0,1.0,1,2,0,2,1,1
62,140.0,236.0,0,143.0,0,0.0,0,2,3,1,1,1
62,120.0,236.0,0,123.0,1,1.7,0,2,0,2,0,1
62,160.0,236.0,0,72.0,1,0.0,1,2,2,1,1,1
62,115.0,236.0,0,128.0,1,2.5,1,2,0,1,0,1
62,150.0,236.0,0,78.0,0,2.0,1,2,0,2,1,1
63,140.0,236.0,0,149.0,0,2.0,1,2,0,0,2,1
63,150.0,236.0,0,86.0,1,2.0,1,2,0,1,1,1
63,150.0,236.0,0,154.0,0,3.7,1,2,0,2,2,1
63,185.0,236.0,0,98.0,1,0.0,1,2,0,1,2,1
64,200.0,236.0,0,140.0,1,1.0,0,2,0,1,1,1
64,95.0,236.0,0,145.0,0,1.1,0,2,0,1,0,1
64,110.0,236.0,0,114.0,1,1.3,1,2,0,1,0,1
65,115.0,236.0,0,93.0,1,0.0,1,2,0,1,1,1
65,145.0,236.0,0,67.0,0,0.8787878787878788,1,2,0,2,1,1
65,155.0,236.0,0,154.0,0,1.0,1,2,0,1,2,0
65,160.0,236.0,1,122.0,0,0.8787878787878788,1,2,0,2,1,1
66,155.0,236.0,0,90.0,0,0.0,0,2,0,1,1,1
66,150.0,236.0,0,108.0,1,2.0,1,2,0,1,1,1
67,145.0,236.0,0,125.0,0,0.0,1,2,3,0,1,1
68,135.0,236.0,0,120.0,1,0.0,1,2,0,2,2,1
68,145.0,236.0,0,136.0,0,1.8,1,2,0,1,2,1
69,135.0,236.0,0,130.0,0,0.0,1,2,0,1,1,1
69,132.13240418118468,236.0,0,137.5456647398844,0,0.8787878787878788,1,2,0,2,1,1
70,115.0,236.0,0,92.0,1,0.0,1,2,0,2,1,1
70,140.0,236.0,1,157.0,1,2.0,1,2,0,1,1,1
72,160.0,236.0,0,114.0,0,1.6,1,2,2,0,1,0
73,160.0,236.0,0,121.0,0,0.0,0,2,2,2,2,1
74,145.0,236.0,0,123.0,0,1.3,1,2,1,2,2,1
63,140.0,260.0,0,112.0,1,3.0,1,3,0,2,1,1
44,130.0,209.0,0,127.0,0,0.0,1,3,0,2,1,0
60,132.0,218.0,0,140.0,1,1.5,1,3,0,2,0,1
55,142.0,228.0,0,149.0,1,2.5,1,3,0,2,2,1
66,110.0,213.0,1,99.0,1,1.3,1,3,2,0,1,0
65,150.0,236.0,1,105.0,1,0.0,1,3,0,2,1,1
60,180.0,236.0,0,140.0,1,1.5,1,3,2,2,1,0
60,120.0,236.0,0,141.0,1,2.0,1,3,2,1,2,1
60,160.0,267.0,1,157.0,0,0.5,1,3,1,2,1,1
56,126.0,166.0,0,140.0,0,0.0,1,3,1,2,1,0
59,140.0,236.0,0,117.0,1,1.0,1,3,0,2,1,1
62,110.0,236.0,0,120.0,1,0.5,1,3,0,1,1,1
63,132.13240418118468,236.0,0,137.5456647398844,0,0.8787878787878788,1,3,2,0,1,1
57,128.0,236.0,1,148.0,1,1.0,1,3,0,2,1,1
62,120.0,220.0,0,86.0,0,0.0,1,3,0,2,1,0
63,170.0,177.0,0,84.0,1,2.5,1,3,0,1,0,1
46,110.0,236.0,0,125.0,1,2.0,1,3,0,1,1,1
63,126.0,236.0,0,120.0,0,1.5,1,3,0,2,0,0
60,152.0,236.0,0,118.0,1,0.0,1,3,0,2,1,0
58,116.0,236.0,0,124.0,0,1.0,1,3,0,1,2,1
64,120.0,236.0,1,106.0,0,2.0,1,3,0,2,1,1
63,130.0,236.0,0,111.0,1,0.0,1,3,2,2,1,1
74,132.13240418118468,236.0,0,137.5456647398844,0,0.8787878787878788,1,3,2,1,1,0
52,128.0,236.0,0,180.0,0,3.0,1,3,2,2,2,1
69,130.0,236.0,1,129.0,0,1.0,1,3,0,2,1,1
51,132.13240418118468,236.0,1,137.5456647398844,0,0.8787878787878788,1,3,0,2,1,1
60,130.0,186.0,1,140.0,1,0.5,1,3,0,2,1,1
56,120.0,100.0,0,120.0,1,1.5,1,3,0,1,1,1
55,132.13240418118468,228.0,0,137.5456647398844,0,0.8787878787878788,1,3,2,2,1,1
54,132.13240418118468,236.0,0,137.5456647398844,0,0.8787878787878788,1,3,0,2,1,1
77,124.0,171.0,0,110.0,1,2.0,1,3,0,2,2,1
63,160.0,230.0,1,105.0,1,1.0,1,3,0,1,1,1
52,122.0,236.0,0,110.0,1,2.0,1,3,2,1,0,1
64,144.0,236.0,0,122.0,1,1.0,1,3,0,2,1,1
60,132.13240418118468,281.0,0,137.5456647398844,0,0.8787878787878788,1,3,0,2,1,1
60,120.0,236.0,0,133.0,1,2.0,1,3,0,1,2,0
58,132.13240418118468,203.0,1,137.5456647398844,0,0.8787878787878788,1,3,0,1,1,1
59,154.0,236.0,0,131.0,1,1.5,1,3,0,2,1,0
61,120.0,236.0,0,80.0,1,0.0,1,3,2,1,1,1
40,125.0,236.0,1,165.0,0,0.0,1,3,0,1,1,1
61,132.13240418118468,236.0,1,86.0,0,1.5,1,3,0,2,1,1
41,104.0,236.0,0,111.0,0,0.0,1,3,0,2,1,0
57,132.13240418118468,277.0,1,137.5456647398844,0,0.8787878787878788,1,3,0,2,1,1
63,136.0,236.0,0,84.0,1,0.0,1,3,0,1,1,1
59,122.0,233.0,0,117.0,1,1.3,1,3,0,1,0,1
51,128.0,236.0,0,107.0,0,0.0,1,3,0,1,1,0
59,132.13240418118468,236.0,0,128.0,1,2.0,1,3,2,1,0,1
42,134.0,240.0,0,160.0,0,0.0,1,3,2,1,1,0
55,120.0,236.0,0,125.0,1,2.5,1,3,2,2,1,1
63,132.13240418118468,236.0,0,137.5456647398844,0,0.8787878787878788,0,3,1,1,1,0
62,152.0,153.0,0,97.0,1,1.6,1,3,0,2,2,1
56,124.0,224.0,1,161.0,0,2.0,1,3,1,1,1,0
53,126.0,236.0,0,106.0,0,0.0,1,3,0,1,1,1
68,138.0,236.0,0,130.0,1,3.0,1,3,0,1,1,1
53,154.0,236.0,0,140.0,1,1.5,1,3,0,2,1,1
60,132.13240418118468,316.0,1,137.5456647398844,0,0.8787878787878788,1,3,2,2,1,1
62,132.13240418118468,236.0,0,137.5456647398844,0,0.8787878787878788,1,3,1,1,1,0
59,178.0,236.0,1,120.0,1,0.0,1,3,0,0,1,1
51,132.13240418118468,218.0,1,137.5456647398844,0,0.8787878787878788,1,3,0,0,1,0
61,110.0,236.0,0,108.0,1,2.0,1,3,0,1,0,1
57,130.0,311.0,0,148.0,1,2.0,1,3,0,2,1,1
56,170.0,236.0,0,123.0,1,2.5,1,3,2,0,1,1
58,126.0,236.0,1,110.0,1,2.0,1,3,1,1,1,1
69,140.0,236.0,0,118.0,0,2.5,1,3,2,2,0,1
67,142.0,270.0,1,125.0,0,2.5,1,3,3,1,2,1
58,120.0,236.0,0,106.0,1,1.5,1,3,0,0,0,1
65,132.13240418118468,236.0,0,137.5456647398844,0,0.8787878787878788,1,3,0,1,1,1
63,132.13240418118468,217.0,1,137.5456647398844,0,0.8787878787878788,1,3,1,2,1,1
55,110.0,214.0,1,180.0,0,0.8787878787878788,1,3,1,2,1,0
57,140.0,214.0,0,144.0,1,2.0,1,3,0,2,1,1
65,132.13240418118468,252.0,0,137.5456647398844,0,0.8787878787878788,1,3,3,1,1,0
54,136.0,220.0,0,140.0,1,3.0,1,3,0,1,1,1
72,120.0,214.0,0,102.0,1,1.0,1,3,2,1,1,1
75,170.0,203.0,1,108.0,0,0.0,1,3,0,2,1,1
49,130.0,236.0,0,145.0,0,3.0,1,3,3,2,1,1
51,132.13240418118468,339.0,0,137.5456647398844,0,0.8787878787878788,1,3,2,1,1,1
60,142.0,216.0,0,110.0,1,2.5,1,3,0,1,1,1
64,142.0,276.0,0,140.0,1,1.0,0,3,0,1,1,1
58,132.0,458.0,1,69.0,0,1.0,1,3,0,1,0,0
61,146.0,241.0,0,148.0,1,3.0,1,3,0,1,0,1
67,160.0,384.0,1,130.0,1,0.0,1,3,0,2,1,1
62,135.0,297.0,0,130.0,1,1.0,1,3,0,1,1,1
65,136.0,248.0,0,140.0,1,4.0,1,3,0,1,0,1
63,130.0,308.0,0,138.0,1,2.0,1,3,0,1,1,1
69,140.0,208.0,0,140.0,1,2.0,1,3,0,2,1,1
51,132.13240418118468,227.0,1,137.5456647398844,0,0.8787878787878788,1,3,0,2,1,0
62,158.0,210.0,1,112.0,1,3.0,1,3,0,1,0,1
55,132.13240418118468,245.0,1,137.5456647398844,0,0.8787878787878788,1,3,2,2,1,1
75,136.0,225.0,0,112.0,1,3.0,1,3,0,1,1,1
40,106.0,240.0,0,80.0,1,0.0,1,3,2,1,1,0
67,120.0,236.0,1,150.0,0,1.5,1,3,0,1,0,1
58,110.0,198.0,0,110.0,0,0.0,1,3,0,1,1,1
60,132.13240418118468,195.0,0,137.5456647398844,0,0.8787878787878788,1,3,0,1,1,0
63,160.0,267.0,1,88.0,1,2.0,1,3,0,2,1,1
35,132.13240418118468,161.0,0,137.5456647398844,0,0.8787878787878788,1,3,2,2,1,0
62,112.0,258.0,0,150.0,1,0.8787878787878788,1,3,3,2,1,1
43,122.0,236.0,0,120.0,0,0.5,1,3,0,1,2,1
63,130.0,236.0,1,160.0,0,3.0,1,3,2,2,1,0
68,150.0,195.0,1,132.0,0,0.0,1,3,2,1,1,1
65,150.0,235.0,0,120.0,1,1.5,1,3,0,1,1,1
48,102.0,236.0,0,110.0,1,1.0,1,3,2,2,0,1
63,96.0,305.0,0,121.0,1,1.0,1,3,0,2,2,1
64,130.0,223.0,0,128.0,0,0.5,1,3,0,2,1,0
61,120.0,282.0,0,135.0,1,4.0,1,3,0,2,0,1
50,144.0,349.0,0,120.0,1,1.0,1,3,0,0,2,1
59,124.0,199.13033707865168,0,117.0,1,1.0,1,3,0,1,1,1
55,150.0,160.0,0,150.0,0,0.0,1,3,0,2,1,0
45,132.13240418118468,236.0,0,137.5456647398844,0,0.8787878787878788,1,3,2,1,1,0
65,132.13240418118468,312.0,0,137.5456647398844,0,0.8787878787878788,1,3,0,0,1,1
61,132.13240418118468,283.0,0,137.5456647398844,0,0.8787878787878788,1,3,1,1,1,0
49,132.13240418118468,142.0,0,137.5456647398844,0,0.8787878787878788,1,3,2,1,1,1
72,132.13240418118468,211.0,0,137.5456647398844,0,0.8787878787878788,1,3,0,1,1,1
50,132.13240418118468,218.0,0,137.5456647398844,0,0.8787878787878788,1,3,0,1,1,1
64,132.13240418118468,306.0,1,137.5456647398844,0,0.8787878787878788,1,3,0,2,1,1
55,116.0,186.0,1,102.0,0,0.0,1,3,0,2,1,1
63,110.0,252.0,0,140.0,1,2.0,1,3,0,2,1,1
59,125.0,222.0,0,135.0,1,2.5,1,3,0,1,0,1
56,132.13240418118468,236.0,0,137.5456647398844,0,0.8787878787878788,1,3,0,0,1,1
62,132.13240418118468,236.0,1,137.5456647398844,0,0.8787878787878788,1,3,2,2,1,1
74,150.0,258.0,1,130.0,1,4.0,1,3,0,2,0,1
54,130.0,202.0,1,112.0,1,2.0,1,3,0,1,1,1
57,110.0,197.0,0,100.0,0,0.0,1,3,0,0,1,0
62,132.13240418118468,204.0,0,137.5456647398844,0,0.8787878787878788,1,3,2,2,1,1
76,104.0,199.13033707865168,0,120.0,0,3.5,1,3,2,0,0,1
54,138.0,274.0,0,105.0,1,1.5,0,3,0,1,1,1
70,170.0,192.0,0,129.0,1,3.0,1,3,0,2,0,1
61,140.0,298.0,1,120.0,1,0.0,0,3,1,1,1,0
48,132.13240418118468,272.0,0,137.5456647398844,0,0.8787878787878788,1,3,0,2,1,0
48,132.0,220.0,1,162.0,0,0.0,1,3,2,2,1,1
61,142.0,200.0,1,100.0,0,1.5,1,3,3,2,0,1
66,112.0,261.0,0,140.0,0,1.5,1,3,0,1,2,1
68,132.13240418118468,181.0,1,137.5456647398844,0,0.8787878787878788,1,3,3,2,1,0
55,172.0,260.0,0,73.0,0,2.0,1,3,0,1,1,1
62,120.0,220.0,0,86.0,0,0.0,1,3,2,0,1,0
71,132.13240418118468,221.0,0,137.5456647398844,0,0.8787878787878788,1,3,2,1,1,1
74,132.13240418118468,216.0,1,137.5456647398844,0,0.8787878787878788,1,3,3,1,1,1
53,155.0,175.0,1,160.0,0,0.8787878787878788,1,3,2,2,1,0
58,150.0,219.0,0,118.0,1,0.0,1,3,2,2,1,1
75,160.0,310.0,1,112.0,1,2.0,1,3,0,1,0,0
56,132.13240418118468,208.0,1,137.5456647398844,0,0.8787878787878788,1,3,2,2,1,1
58,132.13240418118468,232.0,0,137.5456647398844,0,0.8787878787878788,1,3,2,2,1,1
64,134.0,273.0,0,102.0,1,4.0,1,3,0,1,0,1
54,132.13240418118468,203.0,0,137.5456647398844,0,0.8787878787878788,1,3,2,2,1,0
54,132.13240418118468,182.0,0,137.5456647398844,0,0.8787878787878788,1,3,1,2,1,0
59,140.0,274.0,0,154.0,1,2.0,1,3,0,1,1,0
55,132.13240418118468,204.0,1,137.5456647398844,0,0.8787878787878788,1,3,0,2,1,1
57,144.0,270.0,1,160.0,1,2.0,1,3,0,2,1,1
61,132.13240418118468,292.0,0,137.5456647398844,0,0.8787878787878788,1,3,0,2,1,1
41,150.0,171.0,0,128.0,1,1.5,1,3,0,1,1,0
71,130.0,221.0,0,115.0,1,0.0,1,3,0,2,1,1
38,110.0,289.0,0,105.0,1,1.5,1,3,0,1,0,1
55,158.0,217.0,0,110.0,1,2.5,1,3,0,1,1,1
56,128.0,223.0,0,119.0,1,2.0,1,3,0,2,0,1
69,132.13240418118468,199.13033707865168,1,137.5456647398844,0,0.8787878787878788,1,3,0,1,1,1
64,150.0,193.0,0,135.0,1,0.5,1,3,0,2,1,1
72,160.0,199.13033707865168,1,130.0,0,1.5,1,3,0,0,1,1
69,132.13240418118468,210.0,1,137.5456647398844,0,0.8787878787878788,1,3,0,2,1,1
56,132.13240418118468,282.0,1,137.5456647398844,0,0.8787878787878788,1,3,0,1,1,1
62,132.13240418118468,170.0,0,120.0,1,3.0,1,3,0,2,1,1
67,132.13240418118468,369.0,0,137.5456647398844,0,0.8787878787878788,1,3,0,1,1,1
57,156.0,173.0,0,119.0,1,3.0,1,3,0,0,0,1
69,132.13240418118468,289.0,1,137.5456647398844,0,0.8787878787878788,1,3,0,2,1,1
51,132.13240418118468,199.13033707865168,1,137.5456647398844,0,0.8787878787878788,1,3,0,0,1,1
48,140.0,199.13033707865168,0,159.0,1,1.5,1,3,0,1,2,1
69,122.0,216.0,1,84.0,1,0.0,1,3,0,0,1,1
69,132.13240418118468,271.0,0,137.5456647398844,0,0.8787878787878788,1,3,2,0,1,0
64,132.13240418118468,244.0,1,137.5456647398844,0,0.8787878787878788,1,3,0,2,1,1
57,180.0,285.0,1,120.0,0,0.8,1,3,1,2,1,1
53,124.0,243.0,0,122.0,1,2.0,1,3,0,1,1,1
37,118.0,240.0,0,165.0,0,1.0,1,3,2,0,1,0
67,140.0,219.0,0,122.0,1,2.0,1,3,0,2,1,1
74,140.0,237.0,1,94.0,0,0.0,1,3,2,1,1,1
63,132.13240418118468,165.0,0,137.5456647398844,0,0.8787878787878788,1,3,1,2,1,0
58,100.0,213.0,0,110.0,0,0.0,1,3,0,2,1,0
61,190.0,287.0,1,150.0,1,2.0,1,3,0,0,0,1
64,130.0,258.0,1,130.0,0,0.0,1,3,0,0,1,1
58,160.0,256.0,1,113.0,1,1.0,1,3,0,0,2,1
60,130.0,186.0,1,140.0,1,0.5,1,3,0,0,1,1
57,122.0,264.0,0,100.0,0,0.0,1,3,0,0,1,1
55,132.13240418118468,199.13033707865168,0,137.5456647398844,0,0.8787878787878788,1,3,2,2,1,0
55,120.0,226.0,0,127.0,1,1.7,1,3,0,0,0,1
56,130.0,203.0,1,98.0,0,1.5,1,3,0,1,1,1
57,130.0,207.0,0,96.0,1,1.0,1,3,0,2,1,0
61,132.13240418118468,284.0,0,137.5456647398844,0,0.8787878787878788,1,3,2,1,1,1
61,120.0,337.0,0,98.0,1,0.0,1,3,2,1,1,1
58,150.0,219.0,0,118.0,1,0.0,1,3,2,2,1,1
74,155.0,310.0,0,112.0,1,1.5,1,3,0,1,0,1
68,134.0,254.0,1,151.0,1,0.0,1,3,2,1,1,0
51,114.0,258.0,1,96.0,0,1.0,0,3,0,0,2,0
62,160.0,254.0,1,108.0,1,3.0,1,3,0,2,1,1
53,144.0,300.0,1,128.0,1,1.5,1,3,0,2,1,1
62,158.0,170.0,0,138.0,1,0.0,1,3,0,2,1,1
46,134.0,310.0,0,126.0,0,0.0,1,3,0,1,1,1
54,127.0,333.0,1,154.0,0,0.0,0,3,0,2,1,1
62,132.13240418118468,139.0,0,137.5456647398844,0,0.8787878787878788,1,3,3,2,1,0
55,122.0,223.0,1,100.0,0,0.0,1,3,0,2,1,1
58,132.13240418118468,385.0,1,137.5456647398844,0,0.8787878787878788,1,3,0,0,1,0
62,120.0,254.0,0,93.0,1,0.0,1,3,1,0,1,1
